1000.00,1000.00,1000.00,1000.00,1000.00,1000.00,1000.00,1000.00,1000.00,1000.00,1000.00,1000.00,1000.00,1000.00,1000.00,1000.00,1000.00,1000.00,1000.00,1000.00,1000.00,1000.00,1000.00,1000.00,1000.00,1000.00,1000.00,1000.00,1000.00,1000.00,1000.00,1000.00,1000.00,1000.00,1000.00,1000.00,1000.00,1000.00,1000.00,1000.00,1000.00,1000.00,1000.00,1000.00,1000.00,1000.00,1000.00,1000.00,1000.00,1000.00,1000.00,1000.00,1000.00,1000.00,1000.00,1000.00,1000.00,1000.00,1000.00,1000.00,1000.00
1000.00,750.00,750.00,750.00,750.00,750.00,750.00,750.00,750.00,750.00,750.00,750.00,750.00,750.00,750.00,750.00,750.00,750.00,750.00,750.00,750.00,750.00,750.00,750.00,750.00,750.00,750.00,750.00,750.00,750.00,750.00,750.00,750.00,750.00,750.00,750.00,750.00,750.00,750.00,750.00,750.00,750.00,750.00,750.00,750.00,750.00,750.00,750.00,750.00,750.00,750.00,750.00,750.00,750.00,750.00,750.00,750.00,750.00,1000.00,1000.00,1000.00
1000.00,750.00,500.00,500.00,500.00,500.00,500.00,500.00,500.00,500.00,500.00,500.00,500.00,500.00,500.00,500.00,500.00,500.00,500.00,500.00,500.00,500.00,500.00,500.00,500.00,500.00,500.00,500.00,500.00,500.00,500.00,500.00,500.00,500.00,500.00,500.00,500.00,500.00,500.00,500.00,500.00,500.00,500.00,500.00,500.00,500.00,500.00,500.00,500.00,500.00,500.00,500.00,500.00,500.00,500.00,500.00,500.00,500.00,1000.00,1000.00,1000.00
1000.00,750.00,500.00,400.00,400.00,400.00,400.00,400.00,400.00,400.00,400.00,400.00,400.00,400.00,500.00,500.00,750.00,750.00,750.00,750.00,750.00,500.00,500.00,500.00,750.00,750.00,750.00,750.00,750.00,500.00,400.00,400.00,400.00,400.00,400.00,400.00,400.00,400.00,400.00,400.00,400.00,400.00,400.00,400.00,400.00,400.00,400.00,400.00,400.00,400.00,400.00,400.00,400.00,400.00,400.00,400.00,400.00,400.00,1000.00,1000.00,1000.00
1000.00,750.00,500.00,400.00,-1.00,-1.00,-1.00,-1.00,-1.00,-1.00,-1.00,-1.00,-1.00,400.00,500.00,750.00,750.00,1000.00,1000.00,1000.00,750.00,750.00,500.00,750.00,750.00,1000.00,1000.00,1000.00,750.00,500.00,500.00,400.00,-1.00,-1.00,-1.00,-1.00,-1.00,-1.00,-1.00,-1.00,-1.00,-1.00,-1.00,-1.00,-1.00,-1.00,-1.00,-1.00,-1.00,-1.00,-1.00,-1.00,-1.00,-1.00,-1.00,-1.00,-1.00,-1.00,-1.00,1000.00,1000.00
1000.00,750.00,500.00,400.00,-1.00,-1.00,-1.00,-1.00,-1.00,-1.00,-1.00,-1.00,-1.00,400.00,500.00,750.00,1000.00,1000.00,1000.00,1000.00,1000.00,750.00,500.00,750.00,1000.00,1000.00,1000.00,1000.00,750.00,750.00,500.00,400.00,-1.00,-1.00,-1.00,-1.00,-1.00,-1.00,-1.00,-1.00,-1.00,-1.00,-1.00,-1.00,-1.00,-1.00,-1.00,-1.00,-1.00,-1.00,-1.00,-1.00,-1.00,-1.00,-1.00,-1.00,-1.00,-1.00,-1.00,1000.00,1000.00
1000.00,750.00,500.00,400.00,-1.00,-1.00,-1.00,-1.00,-1.00,-1.00,-1.00,-1.00,-1.00,400.00,500.00,750.00,1000.00,1000.00,1000.00,1000.00,1000.00,750.00,500.00,750.00,1000.00,1000.00,1000.00,1000.00,1000.00,750.00,500.00,400.00,-1.00,-1.00,-1.00,-1.00,-1.00,-1.00,-1.00,-1.00,-1.00,-1.00,-1.00,-1.00,-1.00,-1.00,-1.00,-1.00,-1.00,-1.00,-1.00,-1.00,-1.00,-1.00,-1.00,-1.00,-1.00,-1.00,-1.00,1000.00,1000.00
1000.00,750.00,500.00,400.00,-1.00,-1.00,-1.00,-1.00,-1.00,-1.00,-1.00,-1.00,-1.00,400.00,500.00,750.00,1000.00,1000.00,1000.00,1000.00,1000.00,750.00,500.00,750.00,1000.00,1000.00,1000.00,1000.00,1000.00,750.00,500.00,400.00,-1.00,-1.00,-1.00,-1.00,-1.00,-1.00,-1.00,-1.00,-1.00,-1.00,-1.00,-1.00,-1.00,-1.00,-1.00,-1.00,-1.00,-1.00,-1.00,-1.00,-1.00,-1.00,-1.00,-1.00,-1.00,-1.00,-1.00,1000.00,1000.00
1000.00,750.00,500.00,400.00,-1.00,-1.00,-1.00,-1.00,-1.00,-1.00,-1.00,-1.00,-1.00,400.00,500.00,750.00,750.00,1000.00,1000.00,1000.00,750.00,750.00,500.00,750.00,750.00,1000.00,1000.00,1000.00,750.00,750.00,500.00,400.00,-1.00,-1.00,-1.00,-1.00,-1.00,-1.00,-1.00,-1.00,-1.00,-1.00,-1.00,-1.00,-1.00,-1.00,-1.00,-1.00,-1.00,-1.00,-1.00,-1.00,-1.00,-1.00,-1.00,-1.00,-1.00,-1.00,-1.00,1000.00,1000.00
1000.00,750.00,500.00,400.00,-1.00,-1.00,-1.00,-1.00,-1.00,-1.00,-1.00,-1.00,-1.00,400.00,500.00,500.00,750.00,750.00,750.00,750.00,750.00,500.00,500.00,500.00,750.00,750.00,750.00,750.00,750.00,500.00,500.00,400.00,-1.00,-1.00,-1.00,-1.00,-1.00,-1.00,-1.00,-1.00,-1.00,-1.00,-1.00,-1.00,-1.00,-1.00,-1.00,-1.00,-1.00,-1.00,-1.00,-1.00,-1.00,-1.00,-1.00,-1.00,-1.00,-1.00,-1.00,1000.00,1000.00
1000.00,750.00,500.00,400.00,-1.00,-1.00,-1.00,-1.00,-1.00,-1.00,-1.00,-1.00,-1.00,400.00,400.00,500.00,500.00,500.00,500.00,500.00,500.00,500.00,400.00,500.00,500.00,500.00,500.00,500.00,500.00,500.00,400.00,400.00,-1.00,-1.00,-1.00,-1.00,-1.00,-1.00,-1.00,-1.00,-1.00,-1.00,-1.00,-1.00,-1.00,-1.00,-1.00,-1.00,-1.00,-1.00,-1.00,-1.00,-1.00,-1.00,-1.00,-1.00,-1.00,-1.00,-1.00,1000.00,1000.00
1000.00,750.00,500.00,400.00,-1.00,-1.00,-1.00,-1.00,-1.00,-1.00,-1.00,-1.00,-1.00,-1.00,400.00,400.00,400.00,400.00,400.00,400.00,400.00,400.00,400.00,400.00,400.00,400.00,400.00,400.00,400.00,400.00,400.00,-1.00,-1.00,-1.00,-1.00,-1.00,-1.00,-1.00,-1.00,-1.00,-1.00,-1.00,-1.00,-1.00,-1.00,-1.00,-1.00,-1.00,-1.00,-1.00,-1.00,-1.00,-1.00,-1.00,-1.00,-1.00,-1.00,-1.00,-1.00,1000.00,1000.00
1000.00,750.00,500.00,400.00,-1.00,-1.00,-1.00,-1.00,-1.00,-1.00,-1.00,-1.00,-1.00,-1.00,-1.00,-1.00,-1.00,-1.00,-1.00,-1.00,-1.00,-1.00,-1.00,-1.00,-1.00,-1.00,-1.00,-1.00,-1.00,-1.00,-1.00,-1.00,-1.00,-1.00,-1.00,-1.00,-1.00,-1.00,-1.00,-1.00,-1.00,-1.00,-1.00,-1.00,-1.00,-1.00,-1.00,-1.00,-1.00,-1.00,-1.00,-1.00,-1.00,-1.00,-1.00,-1.00,-1.00,-1.00,-1.00,1000.00,1000.00
1000.00,750.00,500.00,400.00,400.00,400.00,400.00,400.00,400.00,400.00,400.00,400.00,400.00,400.00,400.00,400.00,400.00,400.00,400.00,400.00,-1.00,400.00,400.00,400.00,400.00,400.00,400.00,400.00,400.00,400.00,400.00,400.00,400.00,400.00,400.00,400.00,-1.00,400.00,400.00,400.00,400.00,400.00,400.00,400.00,400.00,400.00,400.00,400.00,400.00,400.00,400.00,400.00,400.00,400.00,400.00,400.00,400.00,400.00,400.00,1000.00,1000.00
1000.00,750.00,500.00,500.00,500.00,500.00,500.00,500.00,500.00,500.00,500.00,500.00,500.00,500.00,500.00,500.00,500.00,500.00,500.00,400.00,-1.00,400.00,500.00,500.00,500.00,500.00,500.00,500.00,500.00,500.00,500.00,500.00,500.00,500.00,500.00,400.00,-1.00,400.00,500.00,500.00,500.00,500.00,500.00,500.00,500.00,500.00,500.00,500.00,500.00,500.00,500.00,500.00,500.00,500.00,500.00,500.00,500.00,500.00,500.00,1000.00,1000.00
1000.00,750.00,750.00,750.00,750.00,750.00,750.00,750.00,750.00,750.00,750.00,750.00,750.00,750.00,750.00,750.00,750.00,750.00,500.00,400.00,-1.00,400.00,500.00,750.00,750.00,750.00,750.00,750.00,750.00,750.00,750.00,750.00,750.00,750.00,500.00,400.00,-1.00,400.00,500.00,750.00,750.00,750.00,750.00,750.00,750.00,750.00,750.00,750.00,750.00,750.00,750.00,750.00,750.00,750.00,750.00,750.00,750.00,750.00,750.00,1000.00,1000.00
1000.00,1000.00,1000.00,1000.00,1000.00,1000.00,1000.00,1000.00,1000.00,1000.00,1000.00,1000.00,1000.00,1000.00,1000.00,1000.00,1000.00,750.00,500.00,400.00,-1.00,400.00,500.00,750.00,1000.00,1000.00,1000.00,1000.00,1000.00,1000.00,1000.00,1000.00,1000.00,750.00,500.00,400.00,-1.00,400.00,500.00,750.00,1000.00,1000.00,1000.00,1000.00,1000.00,1000.00,1000.00,1000.00,1000.00,1000.00,1000.00,1000.00,1000.00,1000.00,1000.00,1000.00,1000.00,1000.00,1000.00,1000.00,1000.00
1000.00,750.00,750.00,750.00,750.00,750.00,750.00,750.00,750.00,750.00,750.00,750.00,750.00,750.00,750.00,750.00,750.00,750.00,500.00,400.00,-1.00,400.00,500.00,750.00,1000.00,750.00,750.00,750.00,750.00,750.00,750.00,750.00,750.00,750.00,500.00,400.00,-1.00,400.00,500.00,750.00,750.00,750.00,750.00,750.00,750.00,750.00,750.00,750.00,750.00,750.00,750.00,750.00,750.00,750.00,750.00,750.00,750.00,750.00,750.00,750.00,1000.00
1000.00,750.00,500.00,500.00,500.00,500.00,500.00,500.00,500.00,500.00,500.00,500.00,500.00,500.00,500.00,500.00,500.00,500.00,500.00,400.00,-1.00,400.00,500.00,750.00,1000.00,750.00,500.00,500.00,500.00,500.00,500.00,500.00,500.00,500.00,500.00,400.00,-1.00,400.00,500.00,500.00,500.00,500.00,500.00,500.00,500.00,500.00,500.00,500.00,500.00,500.00,500.00,500.00,500.00,500.00,500.00,500.00,500.00,500.00,500.00,750.00,1000.00
1000.00,750.00,500.00,400.00,400.00,400.00,400.00,400.00,400.00,400.00,400.00,400.00,400.00,400.00,400.00,400.00,400.00,400.00,400.00,400.00,-1.00,400.00,500.00,750.00,1000.00,750.00,500.00,400.00,400.00,400.00,400.00,400.00,400.00,400.00,400.00,400.00,-1.00,400.00,400.00,400.00,400.00,400.00,400.00,400.00,400.00,400.00,400.00,400.00,400.00,400.00,400.00,400.00,400.00,400.00,400.00,400.00,400.00,400.00,500.00,750.00,1000.00
1000.00,750.00,500.00,400.00,-1.00,-1.00,-1.00,-1.00,-1.00,-1.00,-1.00,-1.00,-1.00,-1.00,-1.00,-1.00,-1.00,-1.00,-1.00,-1.00,-1.00,400.00,500.00,750.00,1000.00,750.00,500.00,400.00,-1.00,-1.00,-1.00,-1.00,-1.00,-1.00,-1.00,-1.00,-1.00,-1.00,-1.00,-1.00,-1.00,-1.00,-1.00,-1.00,-1.00,-1.00,-1.00,-1.00,-1.00,-1.00,-1.00,-1.00,-1.00,-1.00,-1.00,-1.00,-1.00,400.00,500.00,750.00,1000.00
1000.00,750.00,500.00,400.00,-1.00,-1.00,-1.00,-1.00,-1.00,-1.00,-1.00,-1.00,-1.00,-1.00,-1.00,-1.00,-1.00,-1.00,-1.00,-1.00,-1.00,400.00,500.00,750.00,1000.00,750.00,500.00,400.00,-1.00,-1.00,-1.00,-1.00,-1.00,-1.00,-1.00,-1.00,-1.00,-1.00,-1.00,-1.00,-1.00,-1.00,-1.00,-1.00,-1.00,-1.00,-1.00,-1.00,-1.00,-1.00,-1.00,-1.00,-1.00,-1.00,-1.00,-1.00,-1.00,400.00,500.00,750.00,1000.00
1000.00,750.00,500.00,400.00,-1.00,-1.00,-1.00,-1.00,-1.00,-1.00,-1.00,-1.00,-1.00,-1.00,-1.00,-1.00,-1.00,-1.00,-1.00,-1.00,-1.00,400.00,500.00,750.00,1000.00,750.00,500.00,400.00,-1.00,-1.00,-1.00,-1.00,-1.00,-1.00,-1.00,-1.00,-1.00,-1.00,-1.00,-1.00,-1.00,-1.00,-1.00,-1.00,-1.00,-1.00,-1.00,-1.00,-1.00,-1.00,-1.00,-1.00,-1.00,-1.00,-1.00,-1.00,-1.00,400.00,500.00,750.00,1000.00
1000.00,750.00,500.00,400.00,-1.00,-1.00,-1.00,-1.00,-1.00,-1.00,-1.00,-1.00,-1.00,-1.00,-1.00,-1.00,-1.00,-1.00,-1.00,-1.00,-1.00,400.00,500.00,750.00,1000.00,750.00,500.00,400.00,-1.00,-1.00,-1.00,-1.00,-1.00,-1.00,-1.00,-1.00,-1.00,-1.00,-1.00,-1.00,-1.00,-1.00,-1.00,-1.00,-1.00,-1.00,-1.00,-1.00,-1.00,-1.00,-1.00,-1.00,-1.00,-1.00,-1.00,-1.00,-1.00,400.00,500.00,750.00,1000.00
1000.00,750.00,500.00,400.00,-1.00,-1.00,-1.00,-1.00,-1.00,-1.00,-1.00,-1.00,-1.00,-1.00,-1.00,-1.00,-1.00,-1.00,-1.00,-1.00,-1.00,400.00,500.00,750.00,1000.00,750.00,500.00,400.00,-1.00,-1.00,-1.00,-1.00,-1.00,-1.00,-1.00,-1.00,-1.00,-1.00,-1.00,-1.00,-1.00,-1.00,-1.00,-1.00,-1.00,-1.00,-1.00,-1.00,-1.00,-1.00,-1.00,-1.00,-1.00,-1.00,-1.00,-1.00,-1.00,400.00,500.00,750.00,1000.00
1000.00,750.00,500.00,400.00,-1.00,-1.00,-1.00,-1.00,-1.00,-1.00,-1.00,-1.00,-1.00,-1.00,-1.00,-1.00,-1.00,-1.00,-1.00,-1.00,-1.00,400.00,500.00,750.00,1000.00,750.00,500.00,400.00,-1.00,-1.00,-1.00,-1.00,-1.00,-1.00,-1.00,-1.00,-1.00,-1.00,-1.00,-1.00,-1.00,-1.00,-1.00,-1.00,-1.00,-1.00,-1.00,-1.00,-1.00,-1.00,-1.00,-1.00,-1.00,-1.00,-1.00,-1.00,-1.00,400.00,500.00,750.00,1000.00
1000.00,750.00,500.00,400.00,-1.00,-1.00,-1.00,-1.00,-1.00,-1.00,-1.00,-1.00,-1.00,-1.00,-1.00,-1.00,-1.00,-1.00,-1.00,-1.00,-1.00,400.00,500.00,750.00,1000.00,750.00,500.00,400.00,-1.00,-1.00,-1.00,-1.00,-1.00,-1.00,-1.00,-1.00,-1.00,-1.00,-1.00,-1.00,-1.00,-1.00,-1.00,-1.00,-1.00,-1.00,-1.00,-1.00,-1.00,-1.00,-1.00,-1.00,-1.00,-1.00,-1.00,-1.00,-1.00,400.00,500.00,750.00,1000.00
1000.00,750.00,500.00,400.00,-1.00,-1.00,-1.00,-1.00,-1.00,-1.00,-1.00,-1.00,-1.00,-1.00,-1.00,-1.00,-1.00,-1.00,-1.00,-1.00,-1.00,400.00,500.00,750.00,1000.00,750.00,500.00,400.00,-1.00,-1.00,-1.00,-1.00,-1.00,-1.00,-1.00,-1.00,-1.00,-1.00,-1.00,-1.00,-1.00,-1.00,-1.00,-1.00,-1.00,-1.00,-1.00,-1.00,-1.00,-1.00,-1.00,-1.00,-1.00,-1.00,-1.00,-1.00,-1.00,400.00,500.00,750.00,1000.00
1000.00,750.00,500.00,400.00,-1.00,-1.00,-1.00,-1.00,-1.00,-1.00,-1.00,-1.00,-1.00,-1.00,-1.00,-1.00,-1.00,-1.00,-1.00,-1.00,-1.00,400.00,500.00,750.00,1000.00,750.00,500.00,400.00,-1.00,-1.00,-1.00,-1.00,-1.00,-1.00,-1.00,-1.00,-1.00,-1.00,-1.00,-1.00,-1.00,-1.00,-1.00,-1.00,-1.00,-1.00,-1.00,-1.00,-1.00,-1.00,-1.00,-1.00,-1.00,-1.00,-1.00,-1.00,-1.00,400.00,500.00,750.00,1000.00
1000.00,750.00,500.00,400.00,-1.00,-1.00,-1.00,-1.00,-1.00,-1.00,-1.00,-1.00,-1.00,-1.00,-1.00,-1.00,-1.00,-1.00,-1.00,-1.00,-1.00,400.00,500.00,750.00,1000.00,750.00,500.00,400.00,400.00,400.00,400.00,400.00,400.00,400.00,400.00,400.00,400.00,400.00,400.00,400.00,400.00,400.00,400.00,400.00,400.00,400.00,400.00,400.00,400.00,400.00,400.00,400.00,400.00,400.00,400.00,400.00,-1.00,400.00,500.00,750.00,1000.00
1000.00,750.00,500.00,400.00,-1.00,-1.00,-1.00,-1.00,-1.00,-1.00,-1.00,-1.00,-1.00,-1.00,-1.00,-1.00,-1.00,-1.00,-1.00,-1.00,-1.00,400.00,500.00,750.00,1000.00,750.00,500.00,500.00,500.00,500.00,500.00,500.00,500.00,500.00,500.00,500.00,500.00,500.00,500.00,500.00,500.00,500.00,500.00,500.00,500.00,500.00,500.00,500.00,500.00,500.00,500.00,500.00,500.00,500.00,500.00,400.00,-1.00,400.00,500.00,750.00,1000.00
1000.00,750.00,500.00,400.00,-1.00,-1.00,-1.00,-1.00,-1.00,-1.00,-1.00,-1.00,-1.00,-1.00,-1.00,-1.00,-1.00,-1.00,-1.00,-1.00,-1.00,400.00,500.00,750.00,1000.00,750.00,750.00,750.00,750.00,750.00,750.00,750.00,750.00,750.00,750.00,750.00,750.00,750.00,750.00,750.00,750.00,750.00,750.00,750.00,750.00,750.00,750.00,750.00,750.00,750.00,750.00,750.00,750.00,750.00,500.00,400.00,-1.00,400.00,500.00,750.00,1000.00
1000.00,750.00,500.00,400.00,-1.00,-1.00,-1.00,-1.00,-1.00,-1.00,-1.00,-1.00,-1.00,-1.00,-1.00,-1.00,-1.00,-1.00,-1.00,-1.00,-1.00,400.00,500.00,750.00,1000.00,1000.00,1000.00,1000.00,1000.00,1000.00,1000.00,1000.00,1000.00,1000.00,1000.00,1000.00,1000.00,1000.00,1000.00,1000.00,1000.00,1000.00,1000.00,1000.00,1000.00,1000.00,1000.00,1000.00,1000.00,1000.00,1000.00,1000.00,1000.00,750.00,500.00,400.00,-1.00,400.00,500.00,750.00,1000.00
1000.00,750.00,500.00,400.00,-1.00,-1.00,-1.00,-1.00,400.00,400.00,400.00,400.00,400.00,400.00,400.00,400.00,400.00,-1.00,-1.00,-1.00,-1.00,400.00,500.00,750.00,1000.00,750.00,750.00,750.00,750.00,750.00,750.00,750.00,750.00,750.00,750.00,750.00,750.00,750.00,750.00,750.00,750.00,750.00,750.00,750.00,750.00,750.00,750.00,750.00,750.00,750.00,750.00,750.00,750.00,750.00,500.00,400.00,-1.00,400.00,500.00,750.00,1000.00
1000.00,750.00,500.00,400.00,-1.00,-1.00,-1.00,400.00,400.00,500.00,500.00,500.00,500.00,500.00,500.00,500.00,400.00,400.00,-1.00,-1.00,-1.00,400.00,500.00,750.00,1000.00,750.00,500.00,500.00,500.00,500.00,500.00,500.00,500.00,500.00,500.00,500.00,500.00,500.00,500.00,500.00,500.00,500.00,500.00,500.00,500.00,500.00,500.00,500.00,500.00,500.00,500.00,500.00,500.00,500.00,500.00,400.00,-1.00,400.00,500.00,750.00,1000.00
1000.00,750.00,500.00,400.00,-1.00,-1.00,-1.00,400.00,500.00,500.00,750.00,750.00,750.00,750.00,750.00,500.00,500.00,400.00,-1.00,-1.00,-1.00,400.00,500.00,750.00,1000.00,750.00,500.00,400.00,400.00,400.00,400.00,400.00,400.00,400.00,400.00,400.00,400.00,400.00,400.00,400.00,400.00,400.00,400.00,400.00,400.00,400.00,400.00,400.00,400.00,400.00,400.00,400.00,400.00,400.00,400.00,400.00,-1.00,400.00,500.00,750.00,1000.00
1000.00,750.00,500.00,400.00,-1.00,-1.00,-1.00,400.00,500.00,750.00,750.00,1000.00,1000.00,1000.00,750.00,750.00,500.00,400.00,-1.00,-1.00,-1.00,400.00,500.00,750.00,1000.00,750.00,500.00,400.00,-1.00,-1.00,-1.00,-1.00,-1.00,-1.00,-1.00,-1.00,-1.00,-1.00,-1.00,-1.00,-1.00,-1.00,-1.00,-1.00,-1.00,-1.00,-1.00,-1.00,-1.00,-1.00,-1.00,-1.00,-1.00,-1.00,-1.00,-1.00,-1.00,400.00,500.00,750.00,1000.00
1000.00,750.00,500.00,400.00,-1.00,-1.00,-1.00,400.00,500.00,750.00,1000.00,1000.00,1000.00,1000.00,1000.00,750.00,500.00,400.00,-1.00,-1.00,-1.00,400.00,500.00,750.00,1000.00,750.00,500.00,400.00,-1.00,-1.00,-1.00,-1.00,-1.00,-1.00,-1.00,-1.00,-1.00,-1.00,-1.00,-1.00,-1.00,-1.00,-1.00,-1.00,-1.00,-1.00,-1.00,-1.00,-1.00,-1.00,-1.00,-1.00,-1.00,-1.00,-1.00,-1.00,-1.00,400.00,500.00,750.00,1000.00
1000.00,750.00,500.00,400.00,-1.00,-1.00,-1.00,400.00,500.00,750.00,1000.00,1000.00,1000.00,1000.00,1000.00,750.00,500.00,400.00,-1.00,-1.00,-1.00,400.00,500.00,750.00,1000.00,750.00,500.00,400.00,-1.00,-1.00,-1.00,-1.00,-1.00,-1.00,-1.00,-1.00,-1.00,-1.00,-1.00,-1.00,-1.00,-1.00,-1.00,-1.00,-1.00,-1.00,-1.00,-1.00,-1.00,-1.00,-1.00,-1.00,-1.00,-1.00,-1.00,-1.00,-1.00,400.00,500.00,750.00,1000.00
1000.00,750.00,500.00,400.00,-1.00,-1.00,-1.00,400.00,500.00,750.00,1000.00,1000.00,1000.00,1000.00,1000.00,750.00,500.00,400.00,-1.00,-1.00,-1.00,400.00,500.00,750.00,1000.00,750.00,500.00,400.00,-1.00,-1.00,-1.00,-1.00,-1.00,-1.00,-1.00,-1.00,-1.00,-1.00,-1.00,-1.00,-1.00,-1.00,-1.00,-1.00,-1.00,-1.00,-1.00,-1.00,-1.00,-1.00,-1.00,-1.00,-1.00,-1.00,-1.00,-1.00,-1.00,400.00,500.00,750.00,1000.00
1000.00,750.00,500.00,400.00,-1.00,-1.00,-1.00,400.00,500.00,750.00,750.00,1000.00,1000.00,1000.00,750.00,750.00,500.00,400.00,-1.00,-1.00,-1.00,400.00,500.00,750.00,1000.00,750.00,500.00,400.00,-1.00,-1.00,-1.00,-1.00,-1.00,-1.00,-1.00,-1.00,-1.00,-1.00,-1.00,-1.00,-1.00,-1.00,-1.00,-1.00,-1.00,-1.00,-1.00,-1.00,-1.00,-1.00,-1.00,-1.00,-1.00,-1.00,-1.00,-1.00,-1.00,400.00,500.00,750.00,1000.00
1000.00,750.00,500.00,400.00,-1.00,-1.00,-1.00,400.00,500.00,500.00,750.00,750.00,750.00,750.00,750.00,500.00,500.00,400.00,-1.00,-1.00,-1.00,400.00,500.00,750.00,1000.00,750.00,500.00,400.00,-1.00,400.00,400.00,400.00,400.00,400.00,400.00,400.00,400.00,400.00,400.00,400.00,400.00,400.00,400.00,400.00,400.00,400.00,400.00,400.00,400.00,400.00,400.00,400.00,400.00,400.00,400.00,400.00,400.00,400.00,500.00,750.00,1000.00
1000.00,750.00,500.00,400.00,-1.00,-1.00,-1.00,400.00,400.00,500.00,500.00,500.00,500.00,500.00,500.00,500.00,400.00,400.00,-1.00,-1.00,-1.00,400.00,500.00,750.00,1000.00,750.00,500.00,400.00,-1.00,400.00,500.00,500.00,500.00,500.00,500.00,500.00,500.00,500.00,500.00,500.00,500.00,500.00,500.00,500.00,500.00,500.00,500.00,500.00,500.00,500.00,500.00,500.00,500.00,500.00,500.00,500.00,500.00,500.00,500.00,750.00,1000.00
1000.00,750.00,500.00,400.00,-1.00,-1.00,-1.00,-1.00,400.00,400.00,400.00,400.00,400.00,400.00,400.00,400.00,400.00,-1.00,-1.00,-1.00,-1.00,400.00,500.00,750.00,1000.00,750.00,500.00,400.00,-1.00,400.00,500.00,750.00,750.00,750.00,750.00,750.00,750.00,750.00,750.00,750.00,750.00,750.00,750.00,750.00,750.00,750.00,750.00,750.00,750.00,750.00,750.00,750.00,750.00,750.00,750.00,750.00,750.00,750.00,750.00,750.00,1000.00
1000.00,750.00,500.00,400.00,-1.00,-1.00,-1.00,-1.00,-1.00,-1.00,-1.00,-1.00,-1.00,-1.00,-1.00,-1.00,-1.00,-1.00,-1.00,-1.00,-1.00,400.00,500.00,750.00,1000.00,750.00,500.00,400.00,-1.00,400.00,500.00,750.00,1000.00,1000.00,1000.00,1000.00,1000.00,1000.00,1000.00,1000.00,1000.00,1000.00,1000.00,1000.00,1000.00,1000.00,1000.00,1000.00,1000.00,1000.00,1000.00,1000.00,1000.00,1000.00,1000.00,1000.00,1000.00,1000.00,1000.00,1000.00,1000.00
1000.00,750.00,500.00,400.00,-1.00,-1.00,-1.00,-1.00,-1.00,-1.00,-1.00,-1.00,-1.00,-1.00,-1.00,-1.00,-1.00,-1.00,-1.00,-1.00,-1.00,400.00,500.00,750.00,1000.00,750.00,500.00,400.00,-1.00,400.00,500.00,750.00,750.00,750.00,750.00,750.00,750.00,750.00,750.00,750.00,750.00,750.00,750.00,750.00,750.00,750.00,750.00,750.00,750.00,750.00,750.00,750.00,750.00,750.00,750.00,750.00,750.00,750.00,750.00,750.00,1000.00
1000.00,750.00,500.00,400.00,-1.00,-1.00,-1.00,-1.00,-1.00,-1.00,-1.00,-1.00,-1.00,-1.00,-1.00,-1.00,-1.00,-1.00,-1.00,-1.00,-1.00,400.00,500.00,750.00,1000.00,750.00,500.00,400.00,-1.00,400.00,500.00,500.00,500.00,500.00,500.00,500.00,500.00,500.00,500.00,500.00,500.00,500.00,500.00,500.00,500.00,500.00,500.00,500.00,500.00,500.00,500.00,500.00,500.00,500.00,500.00,500.00,500.00,500.00,500.00,750.00,1000.00
1000.00,750.00,500.00,400.00,-1.00,-1.00,-1.00,-1.00,-1.00,-1.00,-1.00,-1.00,-1.00,-1.00,-1.00,-1.00,-1.00,-1.00,-1.00,-1.00,-1.00,400.00,500.00,750.00,1000.00,750.00,500.00,400.00,-1.00,400.00,400.00,400.00,400.00,400.00,400.00,400.00,400.00,400.00,400.00,400.00,400.00,400.00,400.00,400.00,400.00,400.00,400.00,400.00,400.00,400.00,400.00,400.00,400.00,400.00,400.00,400.00,400.00,400.00,500.00,750.00,1000.00
1000.00,750.00,500.00,400.00,-1.00,-1.00,-1.00,-1.00,-1.00,-1.00,-1.00,-1.00,-1.00,-1.00,-1.00,-1.00,-1.00,-1.00,-1.00,-1.00,-1.00,400.00,500.00,750.00,1000.00,750.00,500.00,400.00,-1.00,-1.00,-1.00,-1.00,-1.00,-1.00,-1.00,-1.00,-1.00,-1.00,-1.00,-1.00,-1.00,-1.00,-1.00,-1.00,-1.00,-1.00,-1.00,-1.00,-1.00,-1.00,-1.00,-1.00,-1.00,-1.00,-1.00,-1.00,-1.00,400.00,500.00,750.00,1000.00
1000.00,750.00,500.00,400.00,-1.00,-1.00,-1.00,-1.00,-1.00,-1.00,-1.00,-1.00,-1.00,-1.00,-1.00,-1.00,-1.00,-1.00,-1.00,-1.00,-1.00,400.00,500.00,750.00,1000.00,750.00,500.00,400.00,-1.00,-1.00,-1.00,-1.00,-1.00,-1.00,-1.00,-1.00,-1.00,-1.00,-1.00,-1.00,-1.00,-1.00,-1.00,-1.00,-1.00,-1.00,-1.00,-1.00,-1.00,-1.00,-1.00,-1.00,-1.00,-1.00,-1.00,-1.00,-1.00,400.00,500.00,750.00,1000.00
1000.00,750.00,500.00,400.00,-1.00,-1.00,-1.00,-1.00,-1.00,-1.00,-1.00,-1.00,-1.00,-1.00,-1.00,-1.00,-1.00,-1.00,-1.00,-1.00,-1.00,400.00,500.00,750.00,1000.00,750.00,500.00,400.00,-1.00,-1.00,-1.00,-1.00,-1.00,-1.00,-1.00,-1.00,-1.00,-1.00,-1.00,-1.00,-1.00,-1.00,-1.00,-1.00,-1.00,-1.00,-1.00,-1.00,-1.00,-1.00,-1.00,-1.00,-1.00,-1.00,-1.00,-1.00,-1.00,400.00,500.00,750.00,1000.00
1000.00,750.00,500.00,400.00,-1.00,-1.00,-1.00,-1.00,-1.00,-1.00,-1.00,-1.00,-1.00,-1.00,-1.00,-1.00,-1.00,-1.00,-1.00,-1.00,-1.00,400.00,500.00,750.00,1000.00,750.00,500.00,400.00,-1.00,-1.00,-1.00,-1.00,-1.00,-1.00,-1.00,-1.00,-1.00,-1.00,-1.00,-1.00,-1.00,-1.00,-1.00,-1.00,-1.00,-1.00,-1.00,-1.00,-1.00,-1.00,-1.00,-1.00,-1.00,-1.00,-1.00,-1.00,-1.00,400.00,500.00,750.00,1000.00
1000.00,750.00,500.00,400.00,-1.00,-1.00,-1.00,-1.00,-1.00,-1.00,-1.00,-1.00,-1.00,-1.00,-1.00,-1.00,-1.00,-1.00,-1.00,-1.00,-1.00,400.00,500.00,750.00,1000.00,750.00,500.00,400.00,-1.00,-1.00,-1.00,-1.00,-1.00,-1.00,-1.00,-1.00,-1.00,-1.00,-1.00,-1.00,-1.00,-1.00,-1.00,-1.00,-1.00,-1.00,-1.00,-1.00,-1.00,-1.00,-1.00,-1.00,-1.00,-1.00,-1.00,-1.00,-1.00,400.00,500.00,750.00,1000.00
1000.00,750.00,500.00,400.00,-1.00,-1.00,-1.00,-1.00,-1.00,-1.00,-1.00,-1.00,-1.00,-1.00,-1.00,-1.00,-1.00,-1.00,-1.00,-1.00,-1.00,400.00,500.00,750.00,750.00,750.00,500.00,400.00,-1.00,-1.00,-1.00,-1.00,-1.00,-1.00,-1.00,-1.00,-1.00,-1.00,-1.00,-1.00,-1.00,-1.00,-1.00,-1.00,-1.00,-1.00,-1.00,-1.00,-1.00,-1.00,-1.00,-1.00,-1.00,-1.00,-1.00,-1.00,-1.00,400.00,500.00,750.00,1000.00
1000.00,750.00,500.00,400.00,-1.00,-1.00,-1.00,-1.00,-1.00,-1.00,-1.00,-1.00,-1.00,-1.00,-1.00,-1.00,-1.00,-1.00,-1.00,-1.00,-1.00,400.00,500.00,500.00,500.00,500.00,500.00,400.00,-1.00,-1.00,-1.00,-1.00,-1.00,-1.00,-1.00,-1.00,-1.00,-1.00,-1.00,-1.00,-1.00,-1.00,-1.00,-1.00,-1.00,-1.00,-1.00,-1.00,-1.00,-1.00,-1.00,-1.00,-1.00,-1.00,-1.00,-1.00,-1.00,400.00,500.00,750.00,1000.00
1000.00,750.00,500.00,400.00,-1.00,-1.00,-1.00,-1.00,-1.00,-1.00,-1.00,-1.00,-1.00,-1.00,-1.00,-1.00,-1.00,-1.00,-1.00,-1.00,-1.00,400.00,400.00,400.00,400.00,400.00,400.00,400.00,-1.00,-1.00,-1.00,-1.00,-1.00,-1.00,-1.00,-1.00,-1.00,-1.00,-1.00,-1.00,-1.00,-1.00,-1.00,-1.00,-1.00,-1.00,-1.00,-1.00,-1.00,-1.00,-1.00,-1.00,-1.00,-1.00,-1.00,-1.00,-1.00,400.00,500.00,750.00,1000.00
1000.00,750.00,500.00,400.00,-1.00,-1.00,-1.00,-1.00,-1.00,-1.00,-1.00,-1.00,-1.00,-1.00,-1.00,-1.00,-1.00,-1.00,-1.00,-1.00,-1.00,-1.00,-1.00,-1.00,-1.00,-1.00,-1.00,-1.00,-1.00,-1.00,-1.00,-1.00,-1.00,-1.00,-1.00,-1.00,-1.00,-1.00,-1.00,-1.00,-1.00,-1.00,-1.00,-1.00,-1.00,-1.00,-1.00,-1.00,-1.00,-1.00,-1.00,-1.00,-1.00,-1.00,-1.00,-1.00,-1.00,400.00,500.00,750.00,1000.00
1000.00,750.00,500.00,400.00,400.00,400.00,400.00,400.00,400.00,400.00,400.00,400.00,400.00,400.00,400.00,400.00,400.00,400.00,400.00,400.00,400.00,400.00,400.00,400.00,400.00,400.00,400.00,400.00,400.00,400.00,400.00,400.00,400.00,400.00,400.00,400.00,400.00,400.00,400.00,400.00,400.00,400.00,400.00,400.00,400.00,400.00,400.00,400.00,400.00,400.00,400.00,400.00,400.00,400.00,400.00,400.00,400.00,400.00,500.00,750.00,1000.00
1000.00,750.00,500.00,500.00,500.00,500.00,500.00,500.00,500.00,500.00,500.00,500.00,500.00,500.00,500.00,500.00,500.00,500.00,500.00,500.00,500.00,500.00,500.00,500.00,500.00,500.00,500.00,500.00,500.00,500.00,500.00,500.00,500.00,500.00,500.00,500.00,500.00,500.00,500.00,500.00,500.00,500.00,500.00,500.00,500.00,500.00,500.00,500.00,500.00,500.00,500.00,500.00,500.00,500.00,500.00,500.00,500.00,500.00,500.00,750.00,1000.00
1000.00,750.00,750.00,750.00,750.00,750.00,750.00,750.00,750.00,750.00,750.00,750.00,750.00,750.00,750.00,750.00,750.00,750.00,750.00,750.00,750.00,750.00,750.00,750.00,750.00,750.00,750.00,750.00,750.00,750.00,750.00,750.00,750.00,750.00,750.00,750.00,750.00,750.00,750.00,750.00,750.00,750.00,750.00,750.00,750.00,750.00,750.00,750.00,750.00,750.00,750.00,750.00,750.00,750.00,750.00,750.00,750.00,750.00,750.00,750.00,1000.00
1000.00,1000.00,1000.00,1000.00,1000.00,1000.00,1000.00,1000.00,1000.00,1000.00,1000.00,1000.00,1000.00,1000.00,1000.00,1000.00,1000.00,1000.00,1000.00,1000.00,1000.00,1000.00,1000.00,1000.00,1000.00,1000.00,1000.00,1000.00,1000.00,1000.00,1000.00,1000.00,1000.00,1000.00,1000.00,1000.00,1000.00,1000.00,1000.00,1000.00,1000.00,1000.00,1000.00,1000.00,1000.00,1000.00,1000.00,1000.00,1000.00,1000.00,1000.00,1000.00,1000.00,1000.00,1000.00,1000.00,1000.00,1000.00,1000.00,1000.00,1000.00
